/ ladders
/ human
L 24 5 10 hl
L 37 14 3 hl
L 36 17 3 hl
L 34 26 8 hl
L 44 33 10 hl
L 166 33 10 hl
L 9 60 5 hl
L 17 63 3 hl
L 59 63 11 hl
L 76 69 8 hl
L 109 67 5 hl
L 135 66 11 hl
/ angel
L 133 11 5 al
L 143 11 4 al
/ mancannons
M 138 19 6 dc
M 131 25 8 dc
M 136 36 12 dc
M 129 43 9 dc
/ platforms
/ houses
P 13 5 1
P 25 5 1
P 17 10 5
P 17 13 5
P 39 6 1
P 51 6 1
P 43 11 5
P 43 14 5
P 17 33 1
P 29 33 1
P 21 38 5
P 21 41 5
P 33 33 1
P 45 33 1
P 37 38 5
P 37 41 5
P 149 33 1
P 161 33 1
P 153 38 5
P 153 41 5
P 165 33 1
P 169 38 5
P 169 41 5
/ castle
P 55 45 5
P 75 42 4
P 87 42 4
P 78 39 3
P 86 39 3
P 81 36 5
P 82 33 3
P 82 30 3
P 80 27 1
P 82 27 3
P 86 27 1
P 82 24 3
P 82 21 1
P 84 21 1
P 82 18 1
P 84 18 1
P 82 15 1
P 84 15 1
P 82 12 1
P 84 12 1
P 82 10 3
P 74 33 1
P 73 30 2
P 73 27 1
P 73 24 1
P 73 21 1
P 73 18 2
P 92 33 1
P 92 30 2
P 93 27 1
P 93 24 1
P 93 21 1
P 92 18 2
P 83 39 1
P 83 42 1
P 83 45 1
P 83 48 1
P 83 51 1
P 83 54 1
/ treasury
P 89 55 7
P 89 52 7
P 97 55 7
P 97 52 7
/ church
P 107 32 3
P 107 35 3
P 108 38 1
P 123 38 1
P 123 40 1
P 123 42 1
/ left chamber
P 103 5 4
P 110 5 1
P 114 5 1
P 118 5 1
P 122 5 3
P 106 8 2
P 109 8 3
P 113 8 3
P 117 8 3
P 121 8 2
/ right chamber
P 152 5 3
P 158 5 1
P 162 5 1
P 166 5 1
P 170 5 4
P 154 8 2
P 157 8 3
P 161 8 3
P 165 8 3
P 169 8 2
/ misc, then blocks
P 136 11 5
/ Houses
/ (left to right top to bottom)
B 14 5 3 5
B 17 5 5 2
B 22 5 3 5
B 17 7 2 1
B 20 7 2 1
B 17 8 1 1
B 21 8 1 1
B 16 10 1 4
B 22 10 1 4
/
B 40 6 3 5
B 43 6 5 2
B 48 6 3 5
B 43 8 2 1
B 46 8 2 1
B 43 9 1 1
B 47 9 1 1
B 42 11 1 4
B 48 11 1 4
/
B 18 33 3 5
B 21 33 5 2
B 26 33 3 5
B 21 35 2 1
B 24 35 2 1
B 21 36 1 1
B 25 36 1 1
B 20 38 1 4
B 26 38 1 4
/
B 34 33 3 5
B 37 33 5 2
B 42 33 3 5
B 37 35 2 1
B 40 35 2 1
B 37 36 1 1
B 41 36 1 1
B 36 38 1 4
B 42 38 1 4
/
B 150 33 3 5
B 153 33 5 2
B 158 33 3 5
B 153 35 2 1
B 156 35 2 1
B 153 36 1 1
B 157 36 1 1
B 152 38 1 4
B 158 38 1 4
/
B 166 33 3 5
B 169 33 5 2
B 174 33 1 11
B 169 35 2 1
B 172 35 2 1
B 169 36 1 1
B 173 36 1 1
B 168 38 1 4
/ Church
B 103 40 4 2
B 103 42 1 1
B 106 42 1 1
B 105 31 1 2
B 106 29 1 11
B 107 38 1 1
B 107 27 1 3
B 108 26 1 2
B 109 27 1 3
B 110 29 1 7
B 111 31 1 2
B 109 38 1 1
B 110 38 13 2
B 122 40 1 3
/ Castle
/ Left Tower
B 70 17 1 2
B 71 18 2 1
B 77 17 1 2
B 75 18 2 1
B 72 19 1 12
B 75 19 1 9
/ Right Tower
B 89 17 1 2
B 90 18 2 1
B 96 17 1 2
B 94 18 2 1
B 94 19 1 12
B 91 19 1 9
/ Center Tower
B 77 9 1 2
B 78 10 4 1
B 89 9 1 2
B 85 10 4 1
B 81 11 1 11
B 85 11 1 11
B 80 24 2 1
B 85 24 2 1
B 79 23 1 5
B 87 23 1 5
/ Base
B 71 30 1 4
B 95 30 1 4
B 75 30 1 4
B 91 30 1 4
B 76 30 6 1
B 85 30 6 1
B 71 35 1 8
B 95 35 1 8
B 72 36 9 1
B 86 36 9 1
/ Inner Pillar
B 81 39 1 1
B 85 39 1 1
B 82 39 1 6
B 84 39 1 6
/ Angel Structure
/ Left Chamber
B 102 0 1 12
B 103 0 22 1
B 103 11 33 1
B 125 0 1 9
B 126 2 5 1
B 128 3 1 6
B 107 5 3 1
B 111 5 3 1
B 115 5 3 1
B 119 5 3 1
B 103 8 3 1
B 108 8 1 1
B 112 8 1 1
B 116 8 1 1
B 120 8 1 1
B 123 8 2 1
/ Right Chamber
B 174 0 1 12
B 152 0 22 1
B 141 11 33 1
B 151 0 1 9
B 146 2 5 1
B 148 3 1 6
B 155 5 3 1
B 159 5 3 1
B 163 5 3 1
B 167 5 3 1
B 152 8 2 1
B 156 8 1 1
B 160 8 1 1
B 164 8 1 1
B 168 8 1 1
B 171 8 3 1
/ Ground
/ Floating Blocks
B 134 16 3 2
B 133 16 1 1
B 134 18 1 1
/
B 140 15 3 2
B 143 15 1 1
B 140 17 2 1
B 141 18 1 1
/
B 137 21 3 2
B 138 23 1 1
/
B 144 21 1 2
B 143 22 1 2
B 142 23 1 3
/
B 130 27 3 2
B 133 28 1 2
B 131 29 2 2
B 131 31 1 1
/
B 135 38 3 2
B 138 39 3 2
B 141 40 1 2
B 139 41 2 1
B 136 40 1 1
B 139 38 1 1
B 140 42 1 1
/ Large Floating Block
/ Left chunk (past open interior
B 8 16 20 2
B 9 18 19 1
B 10 19 18 1
B 13 20 15 1
B 16 21 12 1
B 19 22 7 1
B 20 23 6 1
B 21 24 4 2
B 22 26 2 2
B 22 28 1 1
B 24 26 1 1
B 10 15 1 1
B 11 13 4 3
B 12 12 2 1
B 15 14 2 2
B 25 15 3 1
B 27 14 1 1
B 27 22 1 2
/ Right Chunk (past open interior)
B 40 17 12 5
B 40 22 10 1
B 40 23 6 1
B 40 24 4 1
B 40 25 3 2
B 40 27 2 1
B 39 28 2 1
B 40 29 1 1
B 52 20 3 2
B 52 19 1 1
B 55 21 1 1
/ Middle Chunk
B 28 12 2 5
B 30 12 3 3
B 33 13 2 2
B 29 11 3 1
B 35 14 3 1
B 36 17 4 1
B 31 20 8 1
B 33 21 1 2
B 33 23 2 1
B 28 22 2 1
B 29 23 2 2
B 30 25 2 2
B 30 27 1 2
B 32 26 4 1
B 38 21 1 1
B 38 22 2 2
B 37 24 3 1
B 36 25 4 2
B 38 27 2 1
