/ Edges
B 0 0 200 1
B 0 0 1 70
B 199 0 1 70
B 0 69 200 1
/ BL Building
B 1 44 1 25
B 1 44 7 1
B 7 44 1 5
B 7 51 1 7
B 7 60 1 7
P 2 51 5
P 4 53 3
P 2 55 3
P 4 57 3
P 2 60 5
P 2 62 3
P 4 64 3
P 2 66 3
/ BL floor
B 1 42 12 2
B 13 42 7 1
B 20 42 4 2
B 8 51 3 2
B 11 51 7 1
B 8 60 10 2
/ Big building, 2nd from left
B 18 60 1 10
B 18 51 1 7
B 18 44 1 5
B 19 44 5 1
B 24 42 1 4
B 24 48 1 1
B 24 51 1 7
B 24 60 1 7
B 24 26 1 14
B 25 26 3 1
B 25 51 11 1
B 27 23 1 3
B 27 20 1 1
B 27 17 1 1
B 27 13 1 2
B 28 13 5 1
B 33 13 1 2
B 33 17 1 1
B 33 20 1 1
B 33 23 1 4
B 34 26 3 1
B 36 27 1 19
B 30 29 1 11
B 30 42 1 9
B 24 48 1 1
B 36 48 1 1
B 37 44 5 1
B 42 44 1 5
B 42 51 1 7
B 36 51 1 7
B 29 54 3 1
B 30 55 1 5
B 36 60 1 10
B 42 60 1 7
P 19 51 5
P 21 48 3
P 19 53 3
P 21 55 3
P 19 57 3
P 19 60 5
P 21 62 3
P 19 64 3
P 21 66 3
P 25 66 3
P 27 64 7
P 33 66 3
P 25 62 3
P 33 62 3
P 25 60 11
P 25 57 4
P 32 57 4
P 27 54 2
P 32 54 2
P 25 48 3
P 33 48 3
P 27 45 3
P 31 45 3
P 25 42 5
P 31 42 5
P 27 39 3
P 31 39 3
P 25 36 3
P 33 36 3
P 27 33 3
P 31 33 3
P 25 30 3
P 33 30 3
P 29 29 1
P 31 29 1
P 28 26 5
P 25 23 2
P 28 23 3
P 34 23 2
P 25 20 2
P 30 20 3
P 34 20 2
P 25 17 2
P 28 17 3
P 34 17 2
P 37 48 3
P 37 51 5
P 39 53 3
P 37 55 3
P 39 57 3
P 37 60 5
P 37 62 3
P 39 64 3
P 37 66 3
/ right of BL Building
B 37 42 7 2
B 44 42 11 1
B 43 51 20 1
B 43 52 12 1
B 44 53 7 1
B 43 60 22 1
B 46 61 13 1
B 49 62 9 1
/ floating blocks
B 41 33 1 1
B 44 33 1 1
B 47 34 1 1
B 50 34 1 1
B 52 33 1 1
B 55 34 1 1
B 58 35 1 1
B 60 34 1 1
B 62 33 1 1
B 65 33 1 1
/ TL building
B 14 1 1 6
B 20 1 1 2
B 14 9 1 5
B 15 9 6 1
B 20 5 1 5
B 21 5 7 1
B 27 4 1 1
B 1 16 14 1
P 1 4 4
P 1 7 4
P 1 10 4
P 10 10 4
P 10 13 4
P 17 6 3
P 15 16 2
P 9 1 3 cc
L 11 1 5 cc
L 25 5 3 cc
/ below it
B 1 17 6 1
B 1 18 4 1
B 1 19 1 1
B 1 22 1 1
B 1 23 2 5
B 3 24 2 3
B 5 25 3 2
B 8 25 11 1
B 12 26 3 1
/ building above it
B 40 4 1 2
B 40 10 1 2
B 41 5 3 1
B 41 11 3 1
B 43 1 1 2
B 43 6 1 3
B 43 11 1 7
B 49 1 1 2
B 49 5 1 13
B 54 1 1 2
B 54 5 1 13
B 60 1 1 2
B 60 5 1 4
B 60 11 1 7
B 61 11 3 1
B 63 10 1 1
P 44 5 3
P 46 8 3
P 44 11 3
P 46 14 3
P 44 17 3
P 50 5 4
P 57 5 3
P 55 8 3
P 57 11 3
P 55 14 3
P 57 17 3
P 61 5 15
B 76 1 1 2
B 76 5 1 6
B 76 11 2 1
B 88 1 1 10
B 87 11 2 1
P 77 8 3
P 83 5 5
P 85 8 3
P 78 11 9
/ blocks below it
B 39 20 24 1
B 43 21 7 1
B 54 21 6 1
B 66 20 31 1
B 67 19 10 1
B 71 18 3 1
B 74 21 5 1
B 84 21 4 1
B 87 19 7 1
B 90, 18 2 1
/ floating blocks
B 81 36 1 1
B 84 37 1 1
B 87 38 1 1
B 89 37 1 1
B 91 36 1 1
B 94 36 1 1
B 96 37 1 1
P 98 36 2
/ remaining blocks (top is line)
B 66 51 14 1
B 83 51 17 1
B 91 52 9 1
B 94 53 6 1
B 81 60 19 1
B 83 61 17 1
/ building above line
B 70 26 1 2
B 71 26 5 1
B 76 26 1 2
B 70 30 1 1
B 76 30 1 1
B 70 33 1 1
B 76 33 1 1
B 70 36 1 13
B 76 36 1 13
P 68 27 2
P 77 27 2
P 68 30 2
P 77 30 2
P 73 30 3
P 71 33 3
P 68 33 2
P 77 33 2
P 68 36 2
P 77 36 2
P 71 36 5
P 71 39 3
P 71 42 3
P 73 45 3
P 73 48 3
/ building below that
B 67 60 1 7
B 68 60 11 1
B 79 60 1 7
B 73 64 1 3
P 68 64 5
P 74 64 5
P 68 66 2
P 77 66 2
/ right half, first building
B 100 26 1 8
B 100 36 1 13
B 100 51 1 16
B 101 26 5 1
B 106 26 1 8
B 101 36 6 1
B 106 39 1 10
B 106 51 12 1
B 111 52 2 6
B 111 60 2 9
B 117 26 1 11
B 118 26 5 1
B 123 26 1 23
B 117 39 1 12
B 123 51 1 7
B 123 60 1 7
P 103 30 3
P 101 33 3
P 107 36 2
P 107 39 10
P 104 39 2
P 101 41 3
P 103 44 3
P 101 47 3
P 101 51 5
P 101 54 3
P 101 57 6
P 101 60 10
P 105 63 6
P 101 66 5
P 113 63 6
P 118 66 5
P 113 60 10
P 117 57 6
P 120 54 3
P 118 51 5
P 120 47 3
P 118 44 3
P 120 41 3
P 118 39 2
P 118 36 5
P 120 33 3
P 118 30 3
P 114 42 3
P 114 45 3
P 107 42 3
P 107 45 3
/ floating on the right
B 126 27 1 1
B 129 28 1 1
B 131 27 1 1
B 134 27 1 1
B 136 27 1 1
B 138 26 1 1
B 141 27 1 1
B 144 29 1 1
B 146 28 1 1
B 148 27 1 1
B 150 27 1 1
B 153 27 1 1
B 155 28 1 1
B 156 31 1 1
B 159 30 1 1
B 161 29 11 1
B 163 30 8 1
B 169 28 5 1
B 170 27 3 1
/ blocks right of mirror building
B 124 51 32 1
P 156 51 17
B 132 50 4 1
B 138 50 4 1
B 124 60 10 1
B 124 61 12 1
B 128 62 8 1
B 133 66 7 1
B 139 65 1 1
/ smol building
B 140 62 1 5
B 146 65 29 2
B 140 52 1 8
B 141 52 5 1
B 146 52 1 11
P 136 62 4
P 141 65 5
P 141 62 3
P 143 59 3
P 141 56 3
/ rock lobster
B 149 64 5 1
B 167 64 9 1
B 168 63 8 1
B 170 62 7 1
B 171 61 6 1
B 172 60 5 1
B 173 59 4 1
B 174 58 4 1
B 176 57 3 1
B 177 56 4 1
B 178 55 4 1
B 179 54 4 1
B 180 53 8 1
B 181 52 18 1
/ huge building that takes most of the map
B 173 51 26 1
B 173 45 1 2
B 174 46 6 1
B 177 45 3 1
B 178 44 2 1
B 179 43 1 1
B 180 38 1 11
B 175 41 1 2
B 176 42 4 1
B 177 37 1 2
B 178 38 2 1
B 180 34 1 2
B 181 34 5 1
B 180 30 1 2
B 181 31 5 1
B 182 26 1 2
B 183 27 3 1
B 186 27 1 22
B 192 26 1 23
B 184 22 1 2
B 185 23 1 1
B 186 22 1 3
B 187 22 5 1
B 192 13 1 10
B 190 13 2 1
B 190 5 1 8
B 145 5 45 1
B 179 1 1 2
B 168 1 1 2
B 145 6 1 10
B 136 16 10 1
B 146 13 16 1
B 162 9 1 5
B 162 16 1 1
B 163 9 14 1
B 177 9 1 10
B 134 19 44 1
B 121 19 11 1
B 121 16 9 1
B 120 13 1 7
B 116 12 1 2
B 117 13 3 1
B 117 9 1 2
B 118 10 3 1
B 118 6 1 2
B 119 7 2 1
B 113 4 8 1
B 112 1 1 4
B 120 1 1 1
P 163 16 3
P 163 13 3
P 168 14 4
P 174 13 3
P 174 16 3
P 146 16 16
P 142 13 3
P 142 10 3
P 142 7 3
P 132 19 2
P 130 16 6
P 121 13 3
P 121 10 3
P 121 7 3
P 121 4 3
P 183 47 3
P 181 44 3
P 183 41 3
P 181 38 3
P 187 48 3
P 189 45 3
P 187 42 3
P 189 39 3
P 187 36 3
P 189 33 3
P 187 30 3
P 187 27 5
P 195 25 4
P 193 22 3
P 196 19 3
P 193 16 3
P 193 13 6
P 191 10 3
P 191 7 3
