/ edge
B 0 0 192 1
B 0 0 1 54
B 191 0 1 54
B 0 53 192 1
/ blocks
B 1 4 3 1
B 1 8 5 1
B 1 12 7 1
B 1 16 19 1
B 20 16 39 4
B 20 20 1 9
B 20 29 42 1
B 21 30 1 2
B 60 17 1 3
B 61 18 1 2
B 74 18 4 1
B 79 19 1 1
B 9 8 1 1
B 13 8 2 1
B 19 8 1 1
B 24 8 1 1
B 28 8 3 1
B 34 8 1 1
B 39 8 1 1
B 44 8 1 1
B 49 8 49 1
B 7 4 42 1
B 65 29 36 1
B 23 24 74 1
B 1 49 34 1
B 34 48 5 1
B 38 47 10 1
B 47 48 2 1
B 48 49 9 1
B 1 45 32 1
B 32 44 5 1
B 36 43 14 1
B 49 44 2 1
B 50 45 35 1
B 36 52 11 1
B 40 51 6 1
B 59 52 16 1
B 62 51 3 1
B 68 51 5 1
B 70 50 2 1
B 82 52 14 1
B 83 51 7 1
B 84 50 2 1
B 110 52 9 1
B 1 35 110 2
B 111 35 4 1
B 6 37 3 1
B 7 38 2 2
B 7 40 1 2
B 23 37 6 1
B 23 38 5 1
B 23 39 3 1
B 24 40 2 2
B 49 37 6 1
B 75 37 9 1
B 91 37 2 7
B 91 44 11 1
B 91 45 6 1
B 91 46 4 1
B 91 47 2 2
B 95 41 5 1
B 98 40 3 1
B 98 38 4 2
B 98 37 5 1
B 103 45 3 1
B 103 46 2 3
B 108 46 6 1
B 110 47 3 1
B 104 39 13 1
B 121 35 8 1
B 119 36 10 1
B 117 37 12 1
B 116 38 13 1
B 115 39 15 2
B 115 41 16 3
B 125 44 6 1
B 127 45 4 1
B 128 46 2 1
B 132 47 8 1
B 135 48 6 1
B 139 49 11 1
B 145 48 6 1
B 152 50 8 1
B 154 49 4 1
B 153 46 5 1
B 158 46 3 4
B 161 45 2 3
B 163 45 12 2
B 166 44 3 1
B 175 45 1 1
B 170 42 13 1
B 179 43 3 1
B 177 49 9 1
B 180 50 4 1
B 182 48 2 1
B 185 46 4 1
B 131 35 35 2
B 161 34 2 1
B 166 35 22 1
B 188 34 3 2
B 190 33 1 1
B 134 37 9 2
B 146 37 14 2
B 160 37 3 1
B 132 39 25 1
B 133 40 21 1
B 132 30 1 3
B 133 29 1 2
B 134 29 2 1
B 135 28 3 1
B 137 27 12 1
B 139 26 4 1
B 144 26 3 1
B 148 28 3 1
B 150 29 3 1
B 152 30 7 1
B 157 32 3 1
B 162 30 12 1
B 165 29 4 1
B 177 29 14 1
B 182 24 9 1
B 140 19 6 1
B 142 20 6 1
B 143 21 6 1
B 148 22 6 1
B 156 22 5 1
B 162 20 5 1
B 166 19 7 1
B 174 17 12 1
B 176 16 6 1
B 178 15 2 1
B 181 13 10 1
B 184 12 4 1
B 189 10 2 1
B 143 11 4 1
B 144 12 4 1
B 149 13 5 1
B 151 14 4 1
B 156 15 10 1
B 164 14 7 1
B 172 10 8 1
B 173 9 3 1
B 178 9 9 1
B 160 10 2 1
B 161 9 2 1
B 163 9 7 2
B 164 11 5 1
B 148 9 11 1
B 152 8 6 1
B 153 7 2 1
B 146 4 5 1
B 148 5 4 1
B 99 4 42 1
B 100 5 40 5
L 56 49 4 dc
L 84 45 5 dc
L 104 39 6 dc
L 113 46 6 dc
L 132 39 8 dc
L 150 48 5 dc
L 182 42 6 dc
M 63 33 6 dc
M 21 27 5 dc
M 81 22 5 dc
M 8 14 4 dc
M 7 10 5 dc
M 5 6 4 dc
M 97 6 4 dc
M 155 28 8 dc
